2021-06-06 11:00,01F0005N,31,1.1,257
2021-06-06 11:00,01F0005N,32,1.1,56
2021-06-06 11:00,01F0005N,41,1.1,4
2021-06-06 11:00,01F0005N,42,1.1,1
2021-06-06 11:00,01F0005N,5,0.0,0
2021-06-06 11:00,01F0005S,31,16.0,557
2021-06-06 11:00,01F0005S,32,16.7,178
2021-06-06 11:00,01F0005S,41,15.5,20
2021-06-06 11:00,01F0005S,42,16.5,3
2021-06-06 11:00,01F0005S,5,0.0,0
2021-06-06 11:00,01F0017N,31,0.0,0
2021-06-06 11:00,01F0017N,32,0.0,0
2021-06-06 11:00,01F0017N,41,0.0,0
2021-06-06 11:00,01F0017N,42,0.0,0
2021-06-06 11:00,01F0017N,5,0.0,0
2021-06-06 11:00,01F0017S,31,24.0,149
2021-06-06 11:00,01F0017S,32,29.1,39
2021-06-06 11:00,01F0017S,41,55.4,5
2021-06-06 11:00,01F0017S,42,32.6,3
2021-06-06 11:00,01F0017S,5,38.3,5
2021-06-06 11:00,01F0029N,31,4.2,1
2021-06-06 11:00,01F0029N,32,0.0,0
2021-06-06 11:00,01F0029N,41,0.0,0
2021-06-06 11:00,01F0029N,42,0.0,0
2021-06-06 11:00,01F0029N,5,0.0,0
2021-06-06 11:00,01F0029S,31,26.3,231
2021-06-06 11:00,01F0029S,32,23.0,57
2021-06-06 11:00,01F0029S,41,13.3,4
2021-06-06 11:00,01F0029S,42,62.3,5
2021-06-06 11:00,01F0029S,5,24.8,1
2021-06-06 11:00,01F0061N,31,4.1,100
2021-06-06 11:00,01F0061N,32,4.2,42
2021-06-06 11:00,01F0061N,41,0.0,0
2021-06-06 11:00,01F0061N,42,1.8,1
2021-06-06 11:00,01F0061N,5,1.8,77
2021-06-06 11:00,01F0061S,31,20.9,558
2021-06-06 11:00,01F0061S,32,25.1,171
2021-06-06 11:00,01F0061S,41,11.8,1
2021-06-06 11:00,01F0061S,42,22.1,13
2021-06-06 11:00,01F0061S,5,52.4,73
2021-06-06 11:00,01F0099N,31,7.2,130
2021-06-06 11:00,01F0099N,32,7.1,32
2021-06-06 11:00,01F0099N,41,10.5,1
2021-06-06 11:00,01F0099N,42,7.9,1
2021-06-06 11:00,01F0099N,5,5.5,2
2021-06-06 11:00,01F0099S,31,21.4,132
2021-06-06 11:00,01F0099S,32,22.7,31
2021-06-06 11:00,01F0099S,41,0.0,0
2021-06-06 11:00,01F0099S,42,19.1,12
2021-06-06 11:00,01F0099S,5,77.0,1
2021-06-06 11:00,01F0147N,31,0.0,0
2021-06-06 11:00,01F0147N,32,0.0,0
2021-06-06 11:00,01F0147N,41,0.0,0
2021-06-06 11:00,01F0147N,42,0.0,0
2021-06-06 11:00,01F0147N,5,0.0,0
2021-06-06 11:00,01F0147S,31,9.8,169
2021-06-06 11:00,01F0147S,32,11.9,46
2021-06-06 11:00,01F0147S,41,0.0,0
2021-06-06 11:00,01F0147S,42,18.2,7
2021-06-06 11:00,01F0147S,5,26.4,5
2021-06-06 11:00,01F0155N,31,10.5,667
2021-06-06 11:00,01F0155N,32,11.1,162
2021-06-06 11:00,01F0155N,41,15.2,11
2021-06-06 11:00,01F0155N,42,11.0,8
2021-06-06 11:00,01F0155N,5,15.4,19
2021-06-06 11:00,01F0155S,31,11.5,457
2021-06-06 11:00,01F0155S,32,16.2,106
2021-06-06 11:00,01F0155S,41,0.0,0
2021-06-06 11:00,01F0155S,42,23.6,9
2021-06-06 11:00,01F0155S,5,37.4,5
2021-06-06 11:00,01F0182S,31,24.4,274
2021-06-06 11:00,01F0182S,32,13.0,77
2021-06-06 11:00,01F0182S,41,10.3,3
2021-06-06 11:00,01F0182S,42,21.2,7
2021-06-06 11:00,01F0182S,5,48.2,1
2021-06-06 11:00,01F0213N,31,15.4,408
2021-06-06 11:00,01F0213N,32,14.2,82
2021-06-06 11:00,01F0213N,41,22.6,2
2021-06-06 11:00,01F0213N,42,6.4,1
2021-06-06 11:00,01F0213N,5,0.0,0
2021-06-06 11:00,01F0233N,31,11.1,653
2021-06-06 11:00,01F0233N,32,10.0,141
2021-06-06 11:00,01F0233N,41,21.4,7
2021-06-06 11:00,01F0233N,42,8.2,10
2021-06-06 11:00,01F0233N,5,6.7,3
2021-06-06 11:00,01F0248S,31,17.4,1281
2021-06-06 11:00,01F0248S,32,16.5,295
2021-06-06 11:00,01F0248S,41,20.5,13
2021-06-06 11:00,01F0248S,42,17.6,17
2021-06-06 11:00,01F0248S,5,21.8,9
2021-06-06 11:00,01F0256N,31,10.0,493
2021-06-06 11:00,01F0256N,32,11.3,127
2021-06-06 11:00,01F0256N,41,27.1,1
2021-06-06 11:00,01F0256N,42,13.5,4
2021-06-06 11:00,01F0256N,5,10.3,1
2021-06-06 11:00,01F0264S,31,18.8,330
2021-06-06 11:00,01F0264S,32,21.7,97
2021-06-06 11:00,01F0264S,41,31.8,18
2021-06-06 11:00,01F0264S,42,13.6,11
2021-06-06 11:00,01F0264S,5,57.8,6
2021-06-06 11:00,01F0293N,31,10.5,391
2021-06-06 11:00,01F0293N,32,10.4,115
2021-06-06 11:00,01F0293N,41,0.0,0
2021-06-06 11:00,01F0293N,42,17.6,22
2021-06-06 11:00,01F0293N,5,23.7,32
2021-06-06 11:00,01F0293S,31,33.8,209
2021-06-06 11:00,01F0293S,32,30.6,72
2021-06-06 11:00,01F0293S,41,183.7,10
2021-06-06 11:00,01F0293S,42,55.7,7
2021-06-06 11:00,01F0293S,5,0.0,0
2021-06-06 11:00,01F0339N,31,5.6,10
2021-06-06 11:00,01F0339N,32,5.8,5
2021-06-06 11:00,01F0339N,41,0.0,0
2021-06-06 11:00,01F0339N,42,17.5,1
2021-06-06 11:00,01F0339N,5,0.0,0
2021-06-06 11:00,01F0339S,31,30.7,767
2021-06-06 11:00,01F0339S,32,30.4,311
2021-06-06 11:00,01F0339S,41,9.9,5
2021-06-06 11:00,01F0339S,42,25.5,29
2021-06-06 11:00,01F0339S,5,32.3,31
2021-06-06 11:00,01F0376N,31,17.3,840
2021-06-06 11:00,01F0376N,32,16.7,220
2021-06-06 11:00,01F0376N,41,17.6,27
2021-06-06 11:00,01F0376N,42,15.0,19
2021-06-06 11:00,01F0376N,5,11.4,16
2021-06-06 11:00,01F0376S,31,15.0,3
2021-06-06 11:00,01F0376S,32,22.7,1
2021-06-06 11:00,01F0376S,41,0.0,0
2021-06-06 11:00,01F0376S,42,19.4,3
2021-06-06 11:00,01F0376S,5,0.0,0
2021-06-06 11:00,01F0413N,31,0.0,0
2021-06-06 11:00,01F0413N,32,0.0,0
2021-06-06 11:00,01F0413N,41,0.0,0
2021-06-06 11:00,01F0413N,42,0.0,0
2021-06-06 11:00,01F0413N,5,0.0,0
2021-06-06 11:00,01F0413S,31,0.0,0
2021-06-06 11:00,01F0413S,32,7.2,1
2021-06-06 11:00,01F0413S,41,0.0,0
2021-06-06 11:00,01F0413S,42,0.0,0
2021-06-06 11:00,01F0413S,5,0.0,0
2021-06-06 11:00,01F0467N,31,21.6,615
2021-06-06 11:00,01F0467N,32,20.8,172
2021-06-06 11:00,01F0467N,41,20.0,21
2021-06-06 11:00,01F0467N,42,20.4,12
2021-06-06 11:00,01F0467N,5,20.5,8
2021-06-06 11:00,01F0467S,31,27.4,609
2021-06-06 11:00,01F0467S,32,29.4,175
2021-06-06 11:00,01F0467S,41,35.4,11
2021-06-06 11:00,01F0467S,42,43.3,20
2021-06-06 11:00,01F0467S,5,52.0,14
2021-06-06 11:00,01F0511N,31,13.6,586
2021-06-06 11:00,01F0511N,32,13.7,146
2021-06-06 11:00,01F0511N,41,3.4,2
2021-06-06 11:00,01F0511N,42,17.4,28
2021-06-06 11:00,01F0511N,5,18.3,10
2021-06-06 11:00,01F0511S,31,19.9,691
2021-06-06 11:00,01F0511S,32,23.2,185
2021-06-06 11:00,01F0511S,41,5.6,4
2021-06-06 11:00,01F0511S,42,17.3,21
2021-06-06 11:00,01F0511S,5,69.5,10
2021-06-06 11:00,01F0532N,31,20.7,26
2021-06-06 11:00,01F0532N,32,23.9,5
2021-06-06 11:00,01F0532N,41,0.0,0
2021-06-06 11:00,01F0532N,42,0.0,0
2021-06-06 11:00,01F0532N,5,0.0,0
2021-06-06 11:00,01F0532S,31,24.2,396
2021-06-06 11:00,01F0532S,32,21.3,119
2021-06-06 11:00,01F0532S,41,134.8,2
2021-06-06 11:00,01F0532S,42,33.5,29
2021-06-06 11:00,01F0532S,5,34.2,16
2021-06-06 11:00,01F0557N,31,20.3,479
2021-06-06 11:00,01F0557N,32,18.7,155
2021-06-06 11:00,01F0557N,41,25.3,5
2021-06-06 11:00,01F0557N,42,16.9,13
2021-06-06 11:00,01F0557N,5,7.2,4
2021-06-06 11:00,01F0557S,31,27.7,64
2021-06-06 11:00,01F0557S,32,40.0,14
2021-06-06 11:00,01F0557S,41,0.0,0
2021-06-06 11:00,01F0557S,42,0.0,0
2021-06-06 11:00,01F0557S,5,0.0,0
2021-06-06 11:00,01F0578S,31,21.8,341
2021-06-06 11:00,01F0578S,32,26.1,93
2021-06-06 11:00,01F0578S,41,0.0,0
2021-06-06 11:00,01F0578S,42,29.3,20
2021-06-06 11:00,01F0578S,5,142.3,5
2021-06-06 11:00,01F0584N,31,11.1,296
2021-06-06 11:00,01F0584N,32,12.1,71
2021-06-06 11:00,01F0584N,41,13.3,2
2021-06-06 11:00,01F0584N,42,8.1,8
2021-06-06 11:00,01F0584N,5,17.4,3
2021-06-06 11:00,01F0633N,31,16.2,592
2021-06-06 11:00,01F0633N,32,14.5,177
2021-06-06 11:00,01F0633N,41,0.0,0
2021-06-06 11:00,01F0633N,42,17.0,16
2021-06-06 11:00,01F0633N,5,26.0,11
2021-06-06 11:00,01F0633S,31,24.0,306
2021-06-06 11:00,01F0633S,32,18.1,111
2021-06-06 11:00,01F0633S,41,2.6,1
2021-06-06 11:00,01F0633S,42,89.6,5
2021-06-06 11:00,01F0633S,5,0.0,0
2021-06-06 11:00,01F0664N,31,12.7,149
2021-06-06 11:00,01F0664N,32,16.0,49
2021-06-06 11:00,01F0664N,41,0.0,0
2021-06-06 11:00,01F0664N,42,9.9,7
2021-06-06 11:00,01F0664N,5,20.2,12
2021-06-06 11:00,01F0664S,31,23.1,401
2021-06-06 11:00,01F0664S,32,24.5,106
2021-06-06 11:00,01F0664S,41,30.4,1
2021-06-06 11:00,01F0664S,42,13.4,8
2021-06-06 11:00,01F0664S,5,35.2,13
2021-06-06 11:00,01F0681N,31,12.4,551
2021-06-06 11:00,01F0681N,32,12.2,161
2021-06-06 11:00,01F0681N,41,6.8,1
2021-06-06 11:00,01F0681N,42,14.9,10
2021-06-06 11:00,01F0681N,5,22.6,36
2021-06-06 11:00,01F0681S,31,25.9,66
2021-06-06 11:00,01F0681S,32,26.8,21
2021-06-06 11:00,01F0681S,41,0.0,0
2021-06-06 11:00,01F0681S,42,79.8,3
2021-06-06 11:00,01F0681S,5,21.9,15
2021-06-06 11:00,01F0699N,31,22.3,3
2021-06-06 11:00,01F0699N,32,30.6,2
2021-06-06 11:00,01F0699N,41,0.0,0
2021-06-06 11:00,01F0699N,42,0.0,0
2021-06-06 11:00,01F0699N,5,0.0,0
2021-06-06 11:00,01F0699S,31,48.3,96
2021-06-06 11:00,01F0699S,32,63.4,24
2021-06-06 11:00,01F0699S,41,0.0,0
2021-06-06 11:00,01F0699S,42,26.2,1
2021-06-06 11:00,01F0699S,5,127.9,5
2021-06-06 11:00,01F0750N,31,31.1,145
2021-06-06 11:00,01F0750N,32,30.6,60
2021-06-06 11:00,01F0750N,41,0.0,0
2021-06-06 11:00,01F0750N,42,31.2,14
2021-06-06 11:00,01F0750N,5,40.1,3
2021-06-06 11:00,01F0750S,31,0.0,0
2021-06-06 11:00,01F0750S,32,0.0,0
2021-06-06 11:00,01F0750S,41,0.0,0
2021-06-06 11:00,01F0750S,42,0.0,0
2021-06-06 11:00,01F0750S,5,0.0,0
2021-06-06 11:00,01F0880N,31,34.2,307
2021-06-06 11:00,01F0880N,32,29.0,78
2021-06-06 11:00,01F0880N,41,0.0,0
2021-06-06 11:00,01F0880N,42,25.3,8
2021-06-06 11:00,01F0880N,5,34.0,2
2021-06-06 11:00,01F0880S,31,26.3,303
2021-06-06 11:00,01F0880S,32,20.0,93
2021-06-06 11:00,01F0880S,41,0.0,0
2021-06-06 11:00,01F0880S,42,69.8,13
2021-06-06 11:00,01F0880S,5,79.0,16
2021-06-06 11:00,01F0928N,31,24.8,621
2021-06-06 11:00,01F0928N,32,31.2,150
2021-06-06 11:00,01F0928N,41,52.1,9
2021-06-06 11:00,01F0928N,42,30.7,24
2021-06-06 11:00,01F0928N,5,25.3,14
2021-06-06 11:00,01F0928S,31,22.1,349
2021-06-06 11:00,01F0928S,32,32.4,78
2021-06-06 11:00,01F0928S,41,4.4,2
2021-06-06 11:00,01F0928S,42,40.8,2
2021-06-06 11:00,01F0928S,5,45.7,3
2021-06-06 11:00,01F0950S,31,0.0,0
2021-06-06 11:00,01F0950S,32,0.0,0
2021-06-06 11:00,01F0950S,41,0.0,0
2021-06-06 11:00,01F0950S,42,0.0,0
2021-06-06 11:00,01F0950S,5,0.0,0
2021-06-06 11:00,01F0956N,31,0.0,0
2021-06-06 11:00,01F0956N,32,0.0,0
2021-06-06 11:00,01F0956N,41,0.0,0
2021-06-06 11:00,01F0956N,42,0.0,0
2021-06-06 11:00,01F0956N,5,0.0,0
2021-06-06 11:00,01F0979N,31,0.0,0
2021-06-06 11:00,01F0979N,32,0.0,0
2021-06-06 11:00,01F0979N,41,0.0,0
2021-06-06 11:00,01F0979N,42,0.0,0
2021-06-06 11:00,01F0979N,5,4.0,1
2021-06-06 11:00,01F0980S,31,39.5,404
2021-06-06 11:00,01F0980S,32,41.7,117
2021-06-06 11:00,01F0980S,41,133.1,5
2021-06-06 11:00,01F0980S,42,57.4,6
2021-06-06 11:00,01F0980S,5,50.6,13
2021-06-06 11:00,01F1045N,31,31.0,256
2021-06-06 11:00,01F1045N,32,37.4,51
2021-06-06 11:00,01F1045N,41,50.1,2
2021-06-06 11:00,01F1045N,42,53.4,2
2021-06-06 11:00,01F1045N,5,48.7,4
2021-06-06 11:00,01F1045S,31,93.8,2
2021-06-06 11:00,01F1045S,32,0.0,0
2021-06-06 11:00,01F1045S,41,0.0,0
2021-06-06 11:00,01F1045S,42,0.0,0
2021-06-06 11:00,01F1045S,5,0.0,0
2021-06-06 11:00,01F1123N,31,48.6,104
2021-06-06 11:00,01F1123N,32,44.5,20
2021-06-06 11:00,01F1123N,41,0.0,0
2021-06-06 11:00,01F1123N,42,32.2,3
2021-06-06 11:00,01F1123N,5,77.1,1
2021-06-06 11:00,01F1123S,31,54.9,89
2021-06-06 11:00,01F1123S,32,42.5,25
2021-06-06 11:00,01F1123S,41,22.4,1
2021-06-06 11:00,01F1123S,42,0.0,0
2021-06-06 11:00,01F1123S,5,64.6,7
2021-06-06 11:00,01F1292N,31,57.5,52
2021-06-06 11:00,01F1292N,32,70.6,24
2021-06-06 11:00,01F1292N,41,0.0,0
2021-06-06 11:00,01F1292N,42,49.0,1
2021-06-06 11:00,01F1292N,5,0.0,0
2021-06-06 11:00,01F1292S,31,38.1,16
2021-06-06 11:00,01F1292S,32,11.5,5
2021-06-06 11:00,01F1292S,41,0.0,0
2021-06-06 11:00,01F1292S,42,0.0,0
2021-06-06 11:00,01F1292S,5,62.5,1
2021-06-06 11:00,01F1389N,31,53.8,30
2021-06-06 11:00,01F1389N,32,63.4,11
2021-06-06 11:00,01F1389N,41,0.0,0
2021-06-06 11:00,01F1389N,42,0.0,0
2021-06-06 11:00,01F1389N,5,0.0,0
2021-06-06 11:00,01F1389S,31,46.1,82
2021-06-06 11:00,01F1389S,32,41.5,27
2021-06-06 11:00,01F1389S,41,0.0,0
2021-06-06 11:00,01F1389S,42,31.9,2
2021-06-06 11:00,01F1389S,5,41.5,2
2021-06-06 11:00,01F1465N,31,52.8,75
2021-06-06 11:00,01F1465N,32,49.4,16
2021-06-06 11:00,01F1465N,41,0.0,0
2021-06-06 11:00,01F1465N,42,54.3,7
2021-06-06 11:00,01F1465N,5,73.0,4
2021-06-06 11:00,01F1465S,31,34.7,50
2021-06-06 11:00,01F1465S,32,46.0,15
2021-06-06 11:00,01F1465S,41,0.0,0
2021-06-06 11:00,01F1465S,42,17.8,5
2021-06-06 11:00,01F1465S,5,0.0,0
2021-06-06 11:00,01F1572N,31,42.4,35
2021-06-06 11:00,01F1572N,32,65.9,4
2021-06-06 11:00,01F1572N,41,10.4,1
2021-06-06 11:00,01F1572N,42,0.0,0
2021-06-06 11:00,01F1572N,5,0.0,0
2021-06-06 11:00,01F1572S,31,28.6,97
2021-06-06 11:00,01F1572S,32,22.3,28
2021-06-06 11:00,01F1572S,41,0.0,0
2021-06-06 11:00,01F1572S,42,0.0,0
2021-06-06 11:00,01F1572S,5,159.8,2
2021-06-06 11:00,01F1621N,31,45.3,52
2021-06-06 11:00,01F1621N,32,44.8,24
2021-06-06 11:00,01F1621N,41,0.0,0
2021-06-06 11:00,01F1621N,42,135.8,1
2021-06-06 11:00,01F1621N,5,10.6,32
2021-06-06 11:00,01F1621S,31,16.8,156
2021-06-06 11:00,01F1621S,32,16.7,77
2021-06-06 11:00,01F1621S,41,17.2,2
2021-06-06 11:00,01F1621S,42,10.7,3
2021-06-06 11:00,01F1621S,5,10.4,29
2021-06-06 11:00,01F1664N,31,30.1,266
2021-06-06 11:00,01F1664N,32,24.5,81
2021-06-06 11:00,01F1664N,41,0.0,0
2021-06-06 11:00,01F1664N,42,75.3,5
2021-06-06 11:00,01F1664N,5,35.3,1
2021-06-06 11:00,01F1664S,31,15.4,336
2021-06-06 11:00,01F1664S,32,15.3,109
2021-06-06 11:00,01F1664S,41,13.1,3
2021-06-06 11:00,01F1664S,42,29.6,8
2021-06-06 11:00,01F1664S,5,144.5,3
2021-06-06 11:00,01F1699N,31,48.2,571
2021-06-06 11:00,01F1699N,32,52.4,137
2021-06-06 11:00,01F1699N,41,57.2,6
2021-06-06 11:00,01F1699N,42,39.1,14
2021-06-06 11:00,01F1699N,5,63.1,3
2021-06-06 11:00,01F1699S,31,19.2,276
2021-06-06 11:00,01F1699S,32,21.1,71
2021-06-06 11:00,01F1699S,41,10.5,2
2021-06-06 11:00,01F1699S,42,26.0,6
2021-06-06 11:00,01F1699S,5,0.0,0
2021-06-06 11:00,01F1774N,31,45.9,461
2021-06-06 11:00,01F1774N,32,36.5,87
2021-06-06 11:00,01F1774N,41,63.6,11
2021-06-06 11:00,01F1774N,42,63.7,5
2021-06-06 11:00,01F1774N,5,13.1,1
2021-06-06 11:00,01F1774S,31,39.3,215
2021-06-06 11:00,01F1774S,32,47.9,64
2021-06-06 11:00,01F1774S,41,0.0,0
2021-06-06 11:00,01F1774S,42,27.5,16
2021-06-06 11:00,01F1774S,5,0.0,0
2021-06-06 11:00,01F1802N,31,41.3,262
2021-06-06 11:00,01F1802N,32,39.6,70
2021-06-06 11:00,01F1802N,41,0.0,0
2021-06-06 11:00,01F1802N,42,78.6,3
2021-06-06 11:00,01F1802N,5,0.0,0
2021-06-06 11:00,01F1802S,31,42.2,350
2021-06-06 11:00,01F1802S,32,49.9,71
2021-06-06 11:00,01F1802S,41,102.9,4
2021-06-06 11:00,01F1802S,42,25.4,8
2021-06-06 11:00,01F1802S,5,91.1,5
2021-06-06 11:00,01F1839N,31,22.7,172
2021-06-06 11:00,01F1839N,32,19.5,32
2021-06-06 11:00,01F1839N,41,0.0,0
2021-06-06 11:00,01F1839N,42,27.0,13
2021-06-06 11:00,01F1839N,5,92.5,3
2021-06-06 11:00,01F1839S,31,37.6,257
2021-06-06 11:00,01F1839S,32,37.8,56
2021-06-06 11:00,01F1839S,41,82.9,1
2021-06-06 11:00,01F1839S,42,51.1,13
2021-06-06 11:00,01F1839S,5,46.1,3
2021-06-06 11:00,01F1906N,31,0.0,0
2021-06-06 11:00,01F1906N,32,0.0,0
2021-06-06 11:00,01F1906N,41,0.0,0
2021-06-06 11:00,01F1906N,42,0.0,0
2021-06-06 11:00,01F1906N,5,0.0,0
2021-06-06 11:00,01F1906S,31,30.2,164
2021-06-06 11:00,01F1906S,32,27.2,47
2021-06-06 11:00,01F1906S,41,0.0,0
2021-06-06 11:00,01F1906S,42,33.0,16
2021-06-06 11:00,01F1906S,5,70.0,2
2021-06-06 11:00,01F1960N,31,26.6,441
2021-06-06 11:00,01F1960N,32,26.8,98
2021-06-06 11:00,01F1960N,41,19.8,1
2021-06-06 11:00,01F1960N,42,18.7,6
2021-06-06 11:00,01F1960N,5,0.0,0
2021-06-06 11:00,01F1960S,31,0.0,0
2021-06-06 11:00,01F1960S,32,0.0,0
2021-06-06 11:00,01F1960S,41,0.0,0
2021-06-06 11:00,01F1960S,42,0.0,0
2021-06-06 11:00,01F1960S,5,0.0,0
2021-06-06 11:00,01F2011N,31,36.9,274
2021-06-06 11:00,01F2011N,32,31.3,74
2021-06-06 11:00,01F2011N,41,9.3,1
2021-06-06 11:00,01F2011N,42,33.8,7
2021-06-06 11:00,01F2011N,5,29.2,2
2021-06-06 11:00,01F2011S,31,26.8,276
2021-06-06 11:00,01F2011S,32,28.4,85
2021-06-06 11:00,01F2011S,41,0.0,0
2021-06-06 11:00,01F2011S,42,19.9,4
2021-06-06 11:00,01F2011S,5,0.0,0
2021-06-06 11:00,01F2089N,31,26.5,213
2021-06-06 11:00,01F2089N,32,24.0,60
2021-06-06 11:00,01F2089N,41,0.0,0
2021-06-06 11:00,01F2089N,42,17.5,13
2021-06-06 11:00,01F2089N,5,30.4,1
2021-06-06 11:00,01F2089S,31,36.7,210
2021-06-06 11:00,01F2089S,32,27.5,59
2021-06-06 11:00,01F2089S,41,7.8,2
2021-06-06 11:00,01F2089S,42,25.0,11
2021-06-06 11:00,01F2089S,5,113.0,8
2021-06-06 11:00,01F2156N,31,45.9,229
2021-06-06 11:00,01F2156N,32,32.6,61
2021-06-06 11:00,01F2156N,41,0.0,0
2021-06-06 11:00,01F2156N,42,29.9,8
2021-06-06 11:00,01F2156N,5,20.9,3
2021-06-06 11:00,01F2156S,31,46.8,55
2021-06-06 11:00,01F2156S,32,39.5,17
2021-06-06 11:00,01F2156S,41,0.0,0
2021-06-06 11:00,01F2156S,42,53.9,3
2021-06-06 11:00,01F2156S,5,173.0,1
2021-06-06 11:00,01F2249N,31,64.0,84
2021-06-06 11:00,01F2249N,32,42.5,32
2021-06-06 11:00,01F2249N,41,0.0,0
2021-06-06 11:00,01F2249N,42,85.6,7
2021-06-06 11:00,01F2249N,5,206.3,1
2021-06-06 11:00,01F2249S,31,57.2,55
2021-06-06 11:00,01F2249S,32,58.4,21
2021-06-06 11:00,01F2249S,41,0.0,0
2021-06-06 11:00,01F2249S,42,28.3,5
2021-06-06 11:00,01F2249S,5,91.0,1
2021-06-06 11:00,01F2322N,31,53.7,67
2021-06-06 11:00,01F2322N,32,38.6,22
2021-06-06 11:00,01F2322N,41,0.0,0
2021-06-06 11:00,01F2322N,42,0.0,0
2021-06-06 11:00,01F2322N,5,68.3,6
2021-06-06 11:00,01F2322S,31,38.7,109
2021-06-06 11:00,01F2322S,32,37.6,39
2021-06-06 11:00,01F2322S,41,0.0,0
2021-06-06 11:00,01F2322S,42,84.8,6
2021-06-06 11:00,01F2322S,5,108.9,2
2021-06-06 11:00,01F2394N,31,60.2,115
2021-06-06 11:00,01F2394N,32,57.2,32
2021-06-06 11:00,01F2394N,41,62.0,1
2021-06-06 11:00,01F2394N,42,43.6,4
2021-06-06 11:00,01F2394N,5,143.4,2
2021-06-06 11:00,01F2394S,31,23.9,40
2021-06-06 11:00,01F2394S,32,33.7,15
2021-06-06 11:00,01F2394S,41,0.0,0
2021-06-06 11:00,01F2394S,42,7.8,1
2021-06-06 11:00,01F2394S,5,0.0,0
2021-06-06 11:00,01F2425N,31,60.7,186
2021-06-06 11:00,01F2425N,32,50.6,57
2021-06-06 11:00,01F2425N,41,0.0,0
2021-06-06 11:00,01F2425N,42,41.0,10
2021-06-06 11:00,01F2425N,5,6.3,3
2021-06-06 11:00,01F2425S,31,26.2,95
2021-06-06 11:00,01F2425S,32,32.2,27
2021-06-06 11:00,01F2425S,41,0.0,0
2021-06-06 11:00,01F2425S,42,59.3,3
2021-06-06 11:00,01F2425S,5,99.8,2
2021-06-06 11:00,01F2483N,31,43.6,66
2021-06-06 11:00,01F2483N,32,47.7,18
2021-06-06 11:00,01F2483N,41,0.0,0
2021-06-06 11:00,01F2483N,42,0.0,0
2021-06-06 11:00,01F2483N,5,0.0,0
2021-06-06 11:00,01F2483S,31,33.7,158
2021-06-06 11:00,01F2483S,32,30.0,42
2021-06-06 11:00,01F2483S,41,0.0,0
2021-06-06 11:00,01F2483S,42,26.3,9
2021-06-06 11:00,01F2483S,5,41.0,3
2021-06-06 11:00,01F2514N,31,54.5,122
2021-06-06 11:00,01F2514N,32,53.6,30
2021-06-06 11:00,01F2514N,41,0.0,0
2021-06-06 11:00,01F2514N,42,27.5,8
2021-06-06 11:00,01F2514N,5,37.4,2
2021-06-06 11:00,01F2514S,31,30.7,55
2021-06-06 11:00,01F2514S,32,42.0,13
2021-06-06 11:00,01F2514S,41,0.0,0
2021-06-06 11:00,01F2514S,42,12.1,3
2021-06-06 11:00,01F2514S,5,6.9,1
2021-06-06 11:00,01F2603N,31,45.8,224
2021-06-06 11:00,01F2603N,32,43.5,63
2021-06-06 11:00,01F2603N,41,114.2,3
2021-06-06 11:00,01F2603N,42,58.4,6
2021-06-06 11:00,01F2603N,5,70.7,5
2021-06-06 11:00,01F2603S,31,32.7,111
2021-06-06 11:00,01F2603S,32,36.0,29
2021-06-06 11:00,01F2603S,41,0.0,0
2021-06-06 11:00,01F2603S,42,23.4,4
2021-06-06 11:00,01F2603S,5,0.0,0
2021-06-06 11:00,01F2674N,31,40.4,56
2021-06-06 11:00,01F2674N,32,22.9,17
2021-06-06 11:00,01F2674N,41,0.0,0
2021-06-06 11:00,01F2674N,42,6.1,1
2021-06-06 11:00,01F2674N,5,26.6,1
2021-06-06 11:00,01F2674S,31,35.2,133
2021-06-06 11:00,01F2674S,32,34.9,48
2021-06-06 11:00,01F2674S,41,0.0,0
2021-06-06 11:00,01F2674S,42,31.9,2
2021-06-06 11:00,01F2674S,5,89.6,4
2021-06-06 11:00,01F2714N,31,54.7,130
2021-06-06 11:00,01F2714N,32,38.7,42
2021-06-06 11:00,01F2714N,41,36.9,2
2021-06-06 11:00,01F2714N,42,21.1,8
2021-06-06 11:00,01F2714N,5,18.9,2
2021-06-06 11:00,01F2714S,31,28.9,44
2021-06-06 11:00,01F2714S,32,26.6,16
2021-06-06 11:00,01F2714S,41,0.0,0
2021-06-06 11:00,01F2714S,42,0.0,0
2021-06-06 11:00,01F2714S,5,40.7,1
2021-06-06 11:00,01F2827N,31,48.3,27
2021-06-06 11:00,01F2827N,32,39.0,7
2021-06-06 11:00,01F2827N,41,0.0,0
2021-06-06 11:00,01F2827N,42,0.0,0
2021-06-06 11:00,01F2827N,5,0.0,0
2021-06-06 11:00,01F2827S,31,44.7,135
2021-06-06 11:00,01F2827S,32,47.2,47
2021-06-06 11:00,01F2827S,41,30.8,1
2021-06-06 11:00,01F2827S,42,42.5,2
2021-06-06 11:00,01F2827S,5,0.0,0
2021-06-06 11:00,01F2866N,31,65.8,110
2021-06-06 11:00,01F2866N,32,53.4,17
2021-06-06 11:00,01F2866N,41,0.0,0
2021-06-06 11:00,01F2866N,42,34.7,9
2021-06-06 11:00,01F2866N,5,193.6,1
2021-06-06 11:00,01F2866S,31,41.1,12
2021-06-06 11:00,01F2866S,32,30.8,1
2021-06-06 11:00,01F2866S,41,0.0,0
2021-06-06 11:00,01F2866S,42,15.5,1
2021-06-06 11:00,01F2866S,5,101.5,1
2021-06-06 11:00,01F2930N,31,69.6,69
2021-06-06 11:00,01F2930N,32,65.6,15
2021-06-06 11:00,01F2930N,41,0.0,0
2021-06-06 11:00,01F2930N,42,33.2,5
2021-06-06 11:00,01F2930N,5,118.2,1
2021-06-06 11:00,01F2930S,31,32.5,225
2021-06-06 11:00,01F2930S,32,35.7,52
2021-06-06 11:00,01F2930S,41,0.0,0
2021-06-06 11:00,01F2930S,42,37.3,4
2021-06-06 11:00,01F2930S,5,22.7,3
2021-06-06 11:00,01F3019N,31,47.5,105
2021-06-06 11:00,01F3019N,32,53.5,24
2021-06-06 11:00,01F3019N,41,30.8,1
2021-06-06 11:00,01F3019N,42,122.3,1
2021-06-06 11:00,01F3019N,5,0.0,0
2021-06-06 11:00,01F3019S,31,31.1,159
2021-06-06 11:00,01F3019S,32,28.0,51
2021-06-06 11:00,01F3019S,41,0.0,0
2021-06-06 11:00,01F3019S,42,31.4,8
2021-06-06 11:00,01F3019S,5,56.8,31
2021-06-06 11:00,01F3083N,31,47.1,72
2021-06-06 11:00,01F3083N,32,55.2,20
2021-06-06 11:00,01F3083N,41,0.0,0
2021-06-06 11:00,01F3083N,42,141.3,7
2021-06-06 11:00,01F3083N,5,151.7,15
2021-06-06 11:00,01F3083S,31,28.8,174
2021-06-06 11:00,01F3083S,32,26.1,51
2021-06-06 11:00,01F3083S,41,0.0,0
2021-06-06 11:00,01F3083S,42,15.8,3
2021-06-06 11:00,01F3083S,5,11.8,1
2021-06-06 11:00,01F3126N,31,58.2,124
2021-06-06 11:00,01F3126N,32,36.8,35
2021-06-06 11:00,01F3126N,41,0.0,0
2021-06-06 11:00,01F3126N,42,75.8,7
2021-06-06 11:00,01F3126N,5,184.7,2
2021-06-06 11:00,01F3126S,31,20.4,112
2021-06-06 11:00,01F3126S,32,21.5,30
2021-06-06 11:00,01F3126S,41,0.0,0
2021-06-06 11:00,01F3126S,42,19.3,3
2021-06-06 11:00,01F3126S,5,46.6,27
2021-06-06 11:00,01F3185N,31,44.5,424
2021-06-06 11:00,01F3185N,32,35.6,96
2021-06-06 11:00,01F3185N,41,231.1,5
2021-06-06 11:00,01F3185N,42,41.2,10
2021-06-06 11:00,01F3185N,5,89.2,3
2021-06-06 11:00,01F3185S,31,18.6,389
2021-06-06 11:00,01F3185S,32,18.3,111
2021-06-06 11:00,01F3185S,41,0.0,0
2021-06-06 11:00,01F3185S,42,10.2,9
2021-06-06 11:00,01F3185S,5,36.2,12
2021-06-06 11:00,01F3227N,31,48.6,328
2021-06-06 11:00,01F3227N,32,32.7,73
2021-06-06 11:00,01F3227N,41,0.0,0
2021-06-06 11:00,01F3227N,42,41.4,5
2021-06-06 11:00,01F3227N,5,24.9,1
2021-06-06 11:00,01F3227S,31,20.8,275
2021-06-06 11:00,01F3227S,32,20.7,91
2021-06-06 11:00,01F3227S,41,0.0,0
2021-06-06 11:00,01F3227S,42,19.2,4
2021-06-06 11:00,01F3227S,5,18.7,1
2021-06-06 11:00,01F3252N,31,38.0,241
2021-06-06 11:00,01F3252N,32,27.3,62
2021-06-06 11:00,01F3252N,41,0.0,0
2021-06-06 11:00,01F3252N,42,14.9,4
2021-06-06 11:00,01F3252N,5,285.9,1
2021-06-06 11:00,01F3252S,31,0.0,0
2021-06-06 11:00,01F3252S,32,0.0,0
2021-06-06 11:00,01F3252S,41,0.0,0
2021-06-06 11:00,01F3252S,42,0.0,0
2021-06-06 11:00,01F3252S,5,0.0,0
2021-06-06 11:00,01F3286N,31,28.0,304
2021-06-06 11:00,01F3286N,32,21.0,84
2021-06-06 11:00,01F3286N,41,0.0,0
2021-06-06 11:00,01F3286N,42,67.3,9
2021-06-06 11:00,01F3286N,5,45.9,3
2021-06-06 11:00,01F3286S,31,19.9,396
2021-06-06 11:00,01F3286S,32,25.4,118
2021-06-06 11:00,01F3286S,41,0.0,0
2021-06-06 11:00,01F3286S,42,19.3,6
2021-06-06 11:00,01F3286S,5,20.7,4
2021-06-06 11:00,01F3366N,31,26.3,135
2021-06-06 11:00,01F3366N,32,22.5,33
2021-06-06 11:00,01F3366N,41,0.0,0
2021-06-06 11:00,01F3366N,42,36.7,6
2021-06-06 11:00,01F3366N,5,7.6,1
2021-06-06 11:00,01F3366S,31,26.1,247
2021-06-06 11:00,01F3366S,32,25.8,101
2021-06-06 11:00,01F3366S,41,0.0,0
2021-06-06 11:00,01F3366S,42,18.1,12
2021-06-06 11:00,01F3366S,5,25.3,3
2021-06-06 11:00,01F3398N,31,31.0,102
2021-06-06 11:00,01F3398N,32,16.3,34
2021-06-06 11:00,01F3398N,41,0.0,0
2021-06-06 11:00,01F3398N,42,90.1,14
2021-06-06 11:00,01F3398N,5,118.6,9
2021-06-06 11:00,01F3398S,31,21.1,128
2021-06-06 11:00,01F3398S,32,21.7,47
2021-06-06 11:00,01F3398S,41,0.0,0
2021-06-06 11:00,01F3398S,42,14.4,7
2021-06-06 11:00,01F3398S,5,4.0,1
2021-06-06 11:00,01F3460N,31,50.8,101
2021-06-06 11:00,01F3460N,32,31.3,31
2021-06-06 11:00,01F3460N,41,0.0,0
2021-06-06 11:00,01F3460N,42,83.1,5
2021-06-06 11:00,01F3460N,5,104.5,3
2021-06-06 11:00,01F3460S,31,19.7,78
2021-06-06 11:00,01F3460S,32,20.6,27
2021-06-06 11:00,01F3460S,41,0.0,0
2021-06-06 11:00,01F3460S,42,20.2,8
2021-06-06 11:00,01F3460S,5,26.0,13
2021-06-06 11:00,01F3525N,31,42.1,278
2021-06-06 11:00,01F3525N,32,40.6,112
2021-06-06 11:00,01F3525N,41,199.4,2
2021-06-06 11:00,01F3525N,42,93.7,20
2021-06-06 11:00,01F3525N,5,43.7,47
2021-06-06 11:00,01F3525S,31,14.4,279
2021-06-06 11:00,01F3525S,32,14.6,109
2021-06-06 11:00,01F3525S,41,0.0,0
2021-06-06 11:00,01F3525S,42,16.1,20
2021-06-06 11:00,01F3525S,5,0.0,0
2021-06-06 11:00,01F3559N,31,0.0,0
2021-06-06 11:00,01F3559N,32,0.0,0
2021-06-06 11:00,01F3559N,41,0.0,0
2021-06-06 11:00,01F3559N,42,17.9,1
2021-06-06 11:00,01F3559N,5,0.0,0
2021-06-06 11:00,01F3561S,31,0.0,0
2021-06-06 11:00,01F3561S,32,0.0,0
2021-06-06 11:00,01F3561S,41,0.0,0
2021-06-06 11:00,01F3561S,42,0.0,0
2021-06-06 11:00,01F3561S,5,0.0,0
2021-06-06 11:00,01F3590N,31,43.1,460
2021-06-06 11:00,01F3590N,32,40.4,158
2021-06-06 11:00,01F3590N,41,0.0,0
2021-06-06 11:00,01F3590N,42,110.8,6
2021-06-06 11:00,01F3590N,5,0.0,0
2021-06-06 11:00,01F3590S,31,10.3,467
2021-06-06 11:00,01F3590S,32,11.5,147
2021-06-06 11:00,01F3590S,41,11.2,5
2021-06-06 11:00,01F3590S,42,12.2,32
2021-06-06 11:00,01F3590S,5,15.6,13
2021-06-06 11:00,01F3640N,31,38.1,953
2021-06-06 11:00,01F3640N,32,32.1,276
2021-06-06 11:00,01F3640N,41,92.0,7
2021-06-06 11:00,01F3640N,42,20.2,22
2021-06-06 11:00,01F3640N,5,165.5,4
2021-06-06 11:00,01F3640S,31,6.4,871
2021-06-06 11:00,01F3640S,32,6.4,241
2021-06-06 11:00,01F3640S,41,5.5,4
2021-06-06 11:00,01F3640S,42,6.1,14
2021-06-06 11:00,01F3640S,5,8.5,22
2021-06-06 11:00,01F3676N,31,0.0,0
2021-06-06 11:00,01F3676N,32,0.0,0
2021-06-06 11:00,01F3676N,41,0.0,0
2021-06-06 11:00,01F3676N,42,0.0,0
2021-06-06 11:00,01F3676N,5,0.0,0
2021-06-06 11:00,01F3676S,31,0.0,0
2021-06-06 11:00,01F3676S,32,0.0,0
2021-06-06 11:00,01F3676S,41,0.0,0
2021-06-06 11:00,01F3676S,42,0.0,0
2021-06-06 11:00,01F3676S,5,0.0,0
2021-06-06 11:00,01F3686S,31,2.4,496
2021-06-06 11:00,01F3686S,32,2.4,153
2021-06-06 11:00,01F3686S,41,2.2,2
2021-06-06 11:00,01F3686S,42,2.2,8
2021-06-06 11:00,01F3686S,5,7.0,1
2021-06-06 11:00,01F3696N,31,21.5,1290
2021-06-06 11:00,01F3696N,32,20.2,422
2021-06-06 11:00,01F3696N,41,6.0,5
2021-06-06 11:00,01F3696N,42,38.7,60
2021-06-06 11:00,01F3696N,5,131.2,72
2021-06-06 11:00,01F3736N,31,15.8,102
2021-06-06 11:00,01F3736N,32,11.7,40
2021-06-06 11:00,01F3736N,41,0.0,0
2021-06-06 11:00,01F3736N,42,290.6,1
2021-06-06 11:00,01F3736N,5,95.9,75
2021-06-06 11:00,01F3736S,31,2.6,29
2021-06-06 11:00,01F3736S,32,2.6,10
2021-06-06 11:00,01F3736S,41,0.0,0
2021-06-06 11:00,01F3736S,42,0.0,0
2021-06-06 11:00,01F3736S,5,2.6,9
2021-06-06 11:00,01H0163S,31,23.8,134
2021-06-06 11:00,01H0163S,32,18.2,37
2021-06-06 11:00,01H0163S,41,0.0,0
2021-06-06 11:00,01H0163S,42,0.0,0
2021-06-06 11:00,01H0163S,5,0.0,0
2021-06-06 11:00,01H0174N,31,15.3,208
2021-06-06 11:00,01H0174N,32,13.5,56
2021-06-06 11:00,01H0174N,41,19.7,4
2021-06-06 11:00,01H0174N,42,0.0,0
2021-06-06 11:00,01H0174N,5,0.0,0
2021-06-06 11:00,01H0200N,31,0.0,0
2021-06-06 11:00,01H0200N,32,0.0,0
2021-06-06 11:00,01H0200N,41,0.0,0
2021-06-06 11:00,01H0200N,42,0.0,0
2021-06-06 11:00,01H0200N,5,0.0,0
2021-06-06 11:00,01H0206S,31,42.8,322
2021-06-06 11:00,01H0206S,32,28.9,82
2021-06-06 11:00,01H0206S,41,61.0,2
2021-06-06 11:00,01H0206S,42,13.3,1
2021-06-06 11:00,01H0206S,5,0.0,0
2021-06-06 11:00,01H0208N,31,0.0,0
2021-06-06 11:00,01H0208N,32,0.0,0
2021-06-06 11:00,01H0208N,41,0.0,0
2021-06-06 11:00,01H0208N,42,0.0,0
2021-06-06 11:00,01H0208N,5,0.0,0
2021-06-06 11:00,01H0271N,31,20.1,574
2021-06-06 11:00,01H0271N,32,21.0,168
2021-06-06 11:00,01H0271N,41,6.0,1
2021-06-06 11:00,01H0271N,42,0.0,0
2021-06-06 11:00,01H0271N,5,0.0,0
2021-06-06 11:00,01H0305S,31,34.1,380
2021-06-06 11:00,01H0305S,32,27.4,103
2021-06-06 11:00,01H0305S,41,65.1,6
2021-06-06 11:00,01H0305S,42,0.0,0
2021-06-06 11:00,01H0305S,5,0.0,0
2021-06-06 11:00,01H0333N,31,26.4,1
2021-06-06 11:00,01H0333N,32,0.0,0
2021-06-06 11:00,01H0333N,41,0.0,0
2021-06-06 11:00,01H0333N,42,0.0,0
2021-06-06 11:00,01H0333N,5,0.0,0
2021-06-06 11:00,01H0334S,31,0.0,0
2021-06-06 11:00,01H0334S,32,0.0,0
2021-06-06 11:00,01H0334S,41,0.0,0
2021-06-06 11:00,01H0334S,42,0.0,0
2021-06-06 11:00,01H0334S,5,0.0,0
2021-06-06 11:00,01H0447N,31,29.1,147
2021-06-06 11:00,01H0447N,32,28.9,49
2021-06-06 11:00,01H0447N,41,26.4,1
2021-06-06 11:00,01H0447N,42,17.9,2
2021-06-06 11:00,01H0447N,5,0.0,0
2021-06-06 11:00,01H0447S,31,0.0,0
2021-06-06 11:00,01H0447S,32,0.0,0
2021-06-06 11:00,01H0447S,41,0.0,0
2021-06-06 11:00,01H0447S,42,0.0,0
2021-06-06 11:00,01H0447S,5,0.0,0
2021-06-06 11:00,01H0579N,31,30.6,102
2021-06-06 11:00,01H0579N,32,30.6,33
2021-06-06 11:00,01H0579N,41,0.0,0
2021-06-06 11:00,01H0579N,42,0.0,0
2021-06-06 11:00,01H0579N,5,0.0,0
2021-06-06 11:00,01H0579S,31,49.4,73
2021-06-06 11:00,01H0579S,32,51.7,28
2021-06-06 11:00,01H0579S,41,0.0,0
2021-06-06 11:00,01H0579S,42,17.5,1
2021-06-06 11:00,01H0579S,5,0.0,0
2021-06-06 11:00,01H0608N,31,25.9,104
2021-06-06 11:00,01H0608N,32,23.4,27
2021-06-06 11:00,01H0608N,41,0.0,0
2021-06-06 11:00,01H0608N,42,0.0,0
2021-06-06 11:00,01H0608N,5,0.0,0
2021-06-06 11:00,01H0610S,31,0.0,0
2021-06-06 11:00,01H0610S,32,0.0,0
2021-06-06 11:00,01H0610S,41,0.0,0
2021-06-06 11:00,01H0610S,42,0.0,0
2021-06-06 11:00,01H0610S,5,0.0,0
2021-06-06 11:00,03A0015N,31,3.6,174
2021-06-06 11:00,03A0015N,32,3.6,26
2021-06-06 11:00,03A0015N,41,3.6,1
2021-06-06 11:00,03A0015N,42,3.6,2
2021-06-06 11:00,03A0015N,5,3.6,3
2021-06-06 11:00,03A0015S,31,12.8,565
2021-06-06 11:00,03A0015S,32,15.4,144
2021-06-06 11:00,03A0015S,41,39.4,4
2021-06-06 11:00,03A0015S,42,3.9,6
2021-06-06 11:00,03A0015S,5,27.3,1
2021-06-06 11:00,03A0041N,31,3.5,264
2021-06-06 11:00,03A0041N,32,3.6,61
2021-06-06 11:00,03A0041N,41,0.0,0
2021-06-06 11:00,03A0041N,42,1.5,1
2021-06-06 11:00,03A0041N,5,0.0,0
2021-06-06 11:00,03A0041S,31,17.9,363
2021-06-06 11:00,03A0041S,32,14.4,114
2021-06-06 11:00,03A0041S,41,1.5,1
2021-06-06 11:00,03A0041S,42,16.0,5
2021-06-06 11:00,03A0041S,5,28.7,3
2021-06-06 11:00,03F0006S,31,21.7,436
2021-06-06 11:00,03F0006S,32,24.5,109
2021-06-06 11:00,03F0006S,41,25.9,1
2021-06-06 11:00,03F0006S,42,7.6,10
2021-06-06 11:00,03F0006S,5,30.0,83
2021-06-06 11:00,03F0021N,31,2.4,70
2021-06-06 11:00,03F0021N,32,2.4,26
2021-06-06 11:00,03F0021N,41,0.0,0
2021-06-06 11:00,03F0021N,42,2.4,1
2021-06-06 11:00,03F0021N,5,2.4,75
2021-06-06 11:00,03F0054N,31,10.7,12
2021-06-06 11:00,03F0054N,32,10.9,2
2021-06-06 11:00,03F0054N,41,0.0,0
2021-06-06 11:00,03F0054N,42,0.0,0
2021-06-06 11:00,03F0054N,5,10.9,2
2021-06-06 11:00,03F0087S,31,24.7,46
2021-06-06 11:00,03F0087S,32,20.2,7
2021-06-06 11:00,03F0087S,41,0.0,0
2021-06-06 11:00,03F0087S,42,28.7,1
2021-06-06 11:00,03F0087S,5,0.0,0
2021-06-06 11:00,03F0116N,31,14.4,194
2021-06-06 11:00,03F0116N,32,15.5,52
2021-06-06 11:00,03F0116N,41,11.4,2
2021-06-06 11:00,03F0116N,42,7.1,2
2021-06-06 11:00,03F0116N,5,23.4,1
2021-06-06 11:00,03F0116S,31,27.9,52
2021-06-06 11:00,03F0116S,32,20.2,15
2021-06-06 11:00,03F0116S,41,0.0,0
2021-06-06 11:00,03F0116S,42,18.8,2
2021-06-06 11:00,03F0116S,5,262.8,2
2021-06-06 11:00,03F0136S,31,20.9,366
2021-06-06 11:00,03F0136S,32,21.0,118
2021-06-06 11:00,03F0136S,41,13.2,1
2021-06-06 11:00,03F0136S,42,12.1,4
2021-06-06 11:00,03F0136S,5,36.0,2
2021-06-06 11:00,03F0140N,31,8.9,143
2021-06-06 11:00,03F0140N,32,8.2,50
2021-06-06 11:00,03F0140N,41,0.0,0
2021-06-06 11:00,03F0140N,42,15.3,2
2021-06-06 11:00,03F0140N,5,0.0,0
2021-06-06 11:00,03F0150N,31,0.0,0
2021-06-06 11:00,03F0150N,32,0.0,0
2021-06-06 11:00,03F0150N,41,0.0,0
2021-06-06 11:00,03F0150N,42,0.0,0
2021-06-06 11:00,03F0150N,5,0.0,0
2021-06-06 11:00,03F0158S,31,24.0,409
2021-06-06 11:00,03F0158S,32,34.9,103
2021-06-06 11:00,03F0158S,41,36.4,6
2021-06-06 11:00,03F0158S,42,27.5,4
2021-06-06 11:00,03F0158S,5,45.3,5
2021-06-06 11:00,03F0201N,31,12.8,81
2021-06-06 11:00,03F0201N,32,10.2,21
2021-06-06 11:00,03F0201N,41,0.0,0
2021-06-06 11:00,03F0201N,42,0.0,0
2021-06-06 11:00,03F0201N,5,0.0,0
2021-06-06 11:00,03F0201S,31,0.0,0
2021-06-06 11:00,03F0201S,32,0.0,0
2021-06-06 11:00,03F0201S,41,0.0,0
2021-06-06 11:00,03F0201S,42,0.0,0
2021-06-06 11:00,03F0201S,5,0.0,0
2021-06-06 11:00,03F0217N,31,18.2,233
2021-06-06 11:00,03F0217N,32,17.0,64
2021-06-06 11:00,03F0217N,41,10.1,2
2021-06-06 11:00,03F0217N,42,22.1,3
2021-06-06 11:00,03F0217N,5,0.0,0
2021-06-06 11:00,03F0217S,31,17.4,131
2021-06-06 11:00,03F0217S,32,19.9,51
2021-06-06 11:00,03F0217S,41,137.9,3
2021-06-06 11:00,03F0217S,42,22.2,1
2021-06-06 11:00,03F0217S,5,33.6,1
2021-06-06 11:00,03F0301N,31,21.0,300
2021-06-06 11:00,03F0301N,32,16.6,66
2021-06-06 11:00,03F0301N,41,0.0,0
2021-06-06 11:00,03F0301N,42,13.3,7
2021-06-06 11:00,03F0301N,5,0.0,0
2021-06-06 11:00,03F0301S,31,30.8,195
2021-06-06 11:00,03F0301S,32,25.9,70
2021-06-06 11:00,03F0301S,41,0.0,0
2021-06-06 11:00,03F0301S,42,13.4,4
2021-06-06 11:00,03F0301S,5,0.0,0
2021-06-06 11:00,03F0337S,31,27.8,581
2021-06-06 11:00,03F0337S,32,27.7,167
2021-06-06 11:00,03F0337S,41,26.7,6
2021-06-06 11:00,03F0337S,42,39.1,11
2021-06-06 11:00,03F0337S,5,16.1,3
2021-06-06 11:00,03F0338N,31,21.6,495
2021-06-06 11:00,03F0338N,32,19.1,136
2021-06-06 11:00,03F0338N,41,35.5,2
2021-06-06 11:00,03F0338N,42,15.3,8
2021-06-06 11:00,03F0338N,5,4.8,1
2021-06-06 11:00,03F0394N,31,20.5,316
2021-06-06 11:00,03F0394N,32,20.2,113
2021-06-06 11:00,03F0394N,41,0.0,0
2021-06-06 11:00,03F0394N,42,14.1,4
2021-06-06 11:00,03F0394N,5,17.8,13
2021-06-06 11:00,03F0394S,31,37.3,660
2021-06-06 11:00,03F0394S,32,27.8,213
2021-06-06 11:00,03F0394S,41,33.9,8
2021-06-06 11:00,03F0394S,42,38.2,15
2021-06-06 11:00,03F0394S,5,7.7,6
2021-06-06 11:00,03F0447N,31,12.2,367
2021-06-06 11:00,03F0447N,32,10.4,105
2021-06-06 11:00,03F0447N,41,3.5,3
2021-06-06 11:00,03F0447N,42,15.4,2
2021-06-06 11:00,03F0447N,5,3.5,5
2021-06-06 11:00,03F0447S,31,30.7,664
2021-06-06 11:00,03F0447S,32,33.5,220
2021-06-06 11:00,03F0447S,41,20.4,17
2021-06-06 11:00,03F0447S,42,13.9,10
2021-06-06 11:00,03F0447S,5,18.1,14
2021-06-06 11:00,03F0498N,31,17.0,278
2021-06-06 11:00,03F0498N,32,16.9,94
2021-06-06 11:00,03F0498N,41,12.5,13
2021-06-06 11:00,03F0498N,42,13.1,9
2021-06-06 11:00,03F0498N,5,12.7,6
2021-06-06 11:00,03F0498S,31,0.0,0
2021-06-06 11:00,03F0498S,32,0.0,0
2021-06-06 11:00,03F0498S,41,0.0,0
2021-06-06 11:00,03F0498S,42,25.3,1
2021-06-06 11:00,03F0498S,5,0.0,0
2021-06-06 11:00,03F0525N,31,19.9,526
2021-06-06 11:00,03F0525N,32,19.0,172
2021-06-06 11:00,03F0525N,41,17.4,2
2021-06-06 11:00,03F0525N,42,5.7,14
2021-06-06 11:00,03F0525N,5,12.9,23
2021-06-06 11:00,03F0525S,31,28.2,287
2021-06-06 11:00,03F0525S,32,28.6,111
2021-06-06 11:00,03F0525S,41,0.0,0
2021-06-06 11:00,03F0525S,42,20.2,23
2021-06-06 11:00,03F0525S,5,136.3,5
2021-06-06 11:00,03F0559N,31,21.8,438
2021-06-06 11:00,03F0559N,32,21.6,136
2021-06-06 11:00,03F0559N,41,18.3,3
2021-06-06 11:00,03F0559N,42,19.9,10
2021-06-06 11:00,03F0559N,5,21.8,8
2021-06-06 11:00,03F0559S,31,33.4,315
2021-06-06 11:00,03F0559S,32,30.1,88
2021-06-06 11:00,03F0559S,41,0.0,0
2021-06-06 11:00,03F0559S,42,86.9,10
2021-06-06 11:00,03F0559S,5,18.6,6
2021-06-06 11:00,03F0648N,31,22.4,305
2021-06-06 11:00,03F0648N,32,22.4,99
2021-06-06 11:00,03F0648N,41,25.3,1
2021-06-06 11:00,03F0648N,42,16.7,5
2021-06-06 11:00,03F0648N,5,0.0,0
2021-06-06 11:00,03F0648S,31,43.3,153
2021-06-06 11:00,03F0648S,32,34.1,58
2021-06-06 11:00,03F0648S,41,0.0,0
2021-06-06 11:00,03F0648S,42,68.0,9
2021-06-06 11:00,03F0648S,5,49.1,2
2021-06-06 11:00,03F0698N,31,19.2,12
2021-06-06 11:00,03F0698N,32,13.5,1
2021-06-06 11:00,03F0698N,41,0.0,0
2021-06-06 11:00,03F0698N,42,0.0,0
2021-06-06 11:00,03F0698N,5,0.0,0
2021-06-06 11:00,03F0698S,31,53.9,92
2021-06-06 11:00,03F0698S,32,45.0,31
2021-06-06 11:00,03F0698S,41,0.0,0
2021-06-06 11:00,03F0698S,42,0.0,0
2021-06-06 11:00,03F0698S,5,36.5,1
2021-06-06 11:00,03F0783N,31,29.3,137
2021-06-06 11:00,03F0783N,32,29.8,43
2021-06-06 11:00,03F0783N,41,0.0,0
2021-06-06 11:00,03F0783N,42,0.0,0
2021-06-06 11:00,03F0783N,5,0.0,0
2021-06-06 11:00,03F0783S,31,33.8,4
2021-06-06 11:00,03F0783S,32,14.1,1
2021-06-06 11:00,03F0783S,41,0.0,0
2021-06-06 11:00,03F0783S,42,14.1,3
2021-06-06 11:00,03F0783S,5,0.0,0
2021-06-06 11:00,03F0846N,31,36.2,225
2021-06-06 11:00,03F0846N,32,41.9,69
2021-06-06 11:00,03F0846N,41,47.3,1
2021-06-06 11:00,03F0846N,42,18.6,3
2021-06-06 11:00,03F0846N,5,90.3,1
2021-06-06 11:00,03F0846S,31,24.4,85
2021-06-06 11:00,03F0846S,32,29.8,26
2021-06-06 11:00,03F0846S,41,0.0,0
2021-06-06 11:00,03F0846S,42,99.8,3
2021-06-06 11:00,03F0846S,5,244.3,1
2021-06-06 11:00,03F0961N,31,32.9,52
2021-06-06 11:00,03F0961N,32,46.2,12
2021-06-06 11:00,03F0961N,41,0.0,0
2021-06-06 11:00,03F0961N,42,31.9,2
2021-06-06 11:00,03F0961N,5,27.1,8
2021-06-06 11:00,03F0961S,31,34.8,79
2021-06-06 11:00,03F0961S,32,41.8,30
2021-06-06 11:00,03F0961S,41,0.0,0
2021-06-06 11:00,03F0961S,42,41.5,5
2021-06-06 11:00,03F0961S,5,32.9,6
2021-06-06 11:00,03F0996N,31,0.0,0
2021-06-06 11:00,03F0996N,32,0.0,0
2021-06-06 11:00,03F0996N,41,0.0,0
2021-06-06 11:00,03F0996N,42,0.0,0
2021-06-06 11:00,03F0996N,5,0.0,0
2021-06-06 11:00,03F0996S,31,20.4,107
2021-06-06 11:00,03F0996S,32,37.6,28
2021-06-06 11:00,03F0996S,41,0.0,0
2021-06-06 11:00,03F0996S,42,22.7,3
2021-06-06 11:00,03F0996S,5,52.4,5
2021-06-06 11:00,03F1022N,31,29.5,198
2021-06-06 11:00,03F1022N,32,37.8,46
2021-06-06 11:00,03F1022N,41,11.5,1
2021-06-06 11:00,03F1022N,42,29.2,6
2021-06-06 11:00,03F1022N,5,8.6,2
2021-06-06 11:00,03F1022S,31,0.0,0
2021-06-06 11:00,03F1022S,32,0.0,0
2021-06-06 11:00,03F1022S,41,0.0,0
2021-06-06 11:00,03F1022S,42,0.0,0
2021-06-06 11:00,03F1022S,5,0.0,0
2021-06-06 11:00,03F1051N,31,22.2,131
2021-06-06 11:00,03F1051N,32,29.4,49
2021-06-06 11:00,03F1051N,41,30.8,3
2021-06-06 11:00,03F1051N,42,32.9,3
2021-06-06 11:00,03F1051N,5,16.1,2
2021-06-06 11:00,03F1051S,31,57.8,100
2021-06-06 11:00,03F1051S,32,55.9,20
2021-06-06 11:00,03F1051S,41,0.0,0
2021-06-06 11:00,03F1051S,42,5.7,1
2021-06-06 11:00,03F1051S,5,15.2,12
2021-06-06 11:00,03F1128N,31,31.0,123
2021-06-06 11:00,03F1128N,32,45.2,30
2021-06-06 11:00,03F1128N,41,0.0,0
2021-06-06 11:00,03F1128N,42,30.4,3
2021-06-06 11:00,03F1128N,5,21.4,2
2021-06-06 11:00,03F1128S,31,47.8,72
2021-06-06 11:00,03F1128S,32,32.8,14
2021-06-06 11:00,03F1128S,41,0.0,0
2021-06-06 11:00,03F1128S,42,46.4,4
2021-06-06 11:00,03F1128S,5,37.2,3
2021-06-06 11:00,03F1161N,31,42.5,74
2021-06-06 11:00,03F1161N,32,48.3,19
2021-06-06 11:00,03F1161N,41,0.0,0
2021-06-06 11:00,03F1161N,42,58.9,7
2021-06-06 11:00,03F1161N,5,32.4,29
2021-06-06 11:00,03F1161S,31,0.0,0
2021-06-06 11:00,03F1161S,32,0.0,0
2021-06-06 11:00,03F1161S,41,0.0,0
2021-06-06 11:00,03F1161S,42,0.0,0
2021-06-06 11:00,03F1161S,5,0.0,0
2021-06-06 11:00,03F1215N,31,45.5,53
2021-06-06 11:00,03F1215N,32,25.9,21
2021-06-06 11:00,03F1215N,41,0.0,0
2021-06-06 11:00,03F1215N,42,45.2,1
2021-06-06 11:00,03F1215N,5,70.1,1
2021-06-06 11:00,03F1215S,31,62.5,63
2021-06-06 11:00,03F1215S,32,51.8,26
2021-06-06 11:00,03F1215S,41,0.0,0
2021-06-06 11:00,03F1215S,42,11.1,1
2021-06-06 11:00,03F1215S,5,245.6,3
2021-06-06 11:00,03F1257N,31,41.2,60
2021-06-06 11:00,03F1257N,32,70.7,13
2021-06-06 11:00,03F1257N,41,0.0,0
2021-06-06 11:00,03F1257N,42,0.0,0
2021-06-06 11:00,03F1257N,5,33.4,1
2021-06-06 11:00,03F1257S,31,38.7,15
2021-06-06 11:00,03F1257S,32,40.0,3
2021-06-06 11:00,03F1257S,41,0.0,0
2021-06-06 11:00,03F1257S,42,0.0,0
2021-06-06 11:00,03F1257S,5,0.0,0
2021-06-06 11:00,03F1332N,31,0.0,0
2021-06-06 11:00,03F1332N,32,0.0,0
2021-06-06 11:00,03F1332N,41,0.0,0
2021-06-06 11:00,03F1332N,42,0.0,0
2021-06-06 11:00,03F1332N,5,0.0,0
2021-06-06 11:00,03F1332S,31,40.4,43
2021-06-06 11:00,03F1332S,32,42.2,17
2021-06-06 11:00,03F1332S,41,0.0,0
2021-06-06 11:00,03F1332S,42,0.0,0
2021-06-06 11:00,03F1332S,5,109.3,5
2021-06-06 11:00,03F1395N,31,52.5,56
2021-06-06 11:00,03F1395N,32,67.3,19
2021-06-06 11:00,03F1395N,41,0.0,0
2021-06-06 11:00,03F1395N,42,51.9,1
2021-06-06 11:00,03F1395N,5,98.6,3
2021-06-06 11:00,03F1395S,31,32.9,5
2021-06-06 11:00,03F1395S,32,162.2,1
2021-06-06 11:00,03F1395S,41,0.0,0
2021-06-06 11:00,03F1395S,42,162.2,1
2021-06-06 11:00,03F1395S,5,184.9,1
2021-06-06 11:00,03F1485N,31,54.1,36
2021-06-06 11:00,03F1485N,32,81.8,11
2021-06-06 11:00,03F1485N,41,0.0,0
2021-06-06 11:00,03F1485N,42,0.0,0
2021-06-06 11:00,03F1485N,5,47.2,1
2021-06-06 11:00,03F1485S,31,45.6,56
2021-06-06 11:00,03F1485S,32,36.9,14
2021-06-06 11:00,03F1485S,41,0.0,0
2021-06-06 11:00,03F1485S,42,0.0,0
2021-06-06 11:00,03F1485S,5,63.9,1
2021-06-06 11:00,03F1633N,31,27.8,63
2021-06-06 11:00,03F1633N,32,45.9,11
2021-06-06 11:00,03F1633N,41,0.0,0
2021-06-06 11:00,03F1633N,42,7.4,1
2021-06-06 11:00,03F1633N,5,0.0,0
2021-06-06 11:00,03F1633S,31,24.6,156
2021-06-06 11:00,03F1633S,32,25.8,47
2021-06-06 11:00,03F1633S,41,0.0,0
2021-06-06 11:00,03F1633S,42,77.0,6
2021-06-06 11:00,03F1633S,5,7.4,1
2021-06-06 11:00,03F1651N,31,33.5,93
2021-06-06 11:00,03F1651N,32,27.0,25
2021-06-06 11:00,03F1651N,41,0.0,0
2021-06-06 11:00,03F1651N,42,0.0,0
2021-06-06 11:00,03F1651N,5,106.8,8
2021-06-06 11:00,03F1651S,31,20.3,211
2021-06-06 11:00,03F1651S,32,25.8,60
2021-06-06 11:00,03F1651S,41,18.9,6
2021-06-06 11:00,03F1651S,42,27.5,2
2021-06-06 11:00,03F1651S,5,18.6,2
2021-06-06 11:00,03F1710N,31,0.0,0
2021-06-06 11:00,03F1710N,32,0.0,0
2021-06-06 11:00,03F1710N,41,0.0,0
2021-06-06 11:00,03F1710N,42,0.0,0
2021-06-06 11:00,03F1710N,5,0.0,0
2021-06-06 11:00,03F1710S,31,20.4,84
2021-06-06 11:00,03F1710S,32,35.9,21
2021-06-06 11:00,03F1710S,41,0.0,0
2021-06-06 11:00,03F1710S,42,28.7,4
2021-06-06 11:00,03F1710S,5,0.0,0
2021-06-06 11:00,03F1739N,31,35.7,133
2021-06-06 11:00,03F1739N,32,38.4,36
2021-06-06 11:00,03F1739N,41,11.9,1
2021-06-06 11:00,03F1739N,42,62.3,7
2021-06-06 11:00,03F1739N,5,69.9,6
2021-06-06 11:00,03F1739S,31,0.0,0
2021-06-06 11:00,03F1739S,32,0.0,0
2021-06-06 11:00,03F1739S,41,0.0,0
2021-06-06 11:00,03F1739S,42,0.0,0
2021-06-06 11:00,03F1739S,5,0.0,0
2021-06-06 11:00,03F1779N,31,27.5,185
2021-06-06 11:00,03F1779N,32,24.2,48
2021-06-06 11:00,03F1779N,41,59.0,3
2021-06-06 11:00,03F1779N,42,34.0,4
2021-06-06 11:00,03F1779N,5,0.0,0
2021-06-06 11:00,03F1779S,31,37.9,161
2021-06-06 11:00,03F1779S,32,31.3,48
2021-06-06 11:00,03F1779S,41,0.0,0
2021-06-06 11:00,03F1779S,42,12.5,3
2021-06-06 11:00,03F1779S,5,72.4,8
2021-06-06 11:00,03F1860N,31,39.6,78
2021-06-06 11:00,03F1860N,32,61.9,23
2021-06-06 11:00,03F1860N,41,0.0,0
2021-06-06 11:00,03F1860N,42,64.8,2
2021-06-06 11:00,03F1860N,5,83.7,3
2021-06-06 11:00,03F1860S,31,36.4,165
2021-06-06 11:00,03F1860S,32,36.3,65
2021-06-06 11:00,03F1860S,41,28.5,1
2021-06-06 11:00,03F1860S,42,27.2,7
2021-06-06 11:00,03F1860S,5,169.7,4
2021-06-06 11:00,03F1941N,31,0.0,0
2021-06-06 11:00,03F1941N,32,0.0,0
2021-06-06 11:00,03F1941N,41,0.0,0
2021-06-06 11:00,03F1941N,42,0.0,0
2021-06-06 11:00,03F1941N,5,0.0,0
2021-06-06 11:00,03F1944S,31,19.4,245
2021-06-06 11:00,03F1944S,32,21.9,70
2021-06-06 11:00,03F1944S,41,0.0,0
2021-06-06 11:00,03F1944S,42,27.1,7
2021-06-06 11:00,03F1944S,5,136.5,24
2021-06-06 11:00,03F1991S,31,0.0,0
2021-06-06 11:00,03F1991S,32,5.3,1
2021-06-06 11:00,03F1991S,41,0.0,0
2021-06-06 11:00,03F1991S,42,0.0,0
2021-06-06 11:00,03F1991S,5,0.0,0
2021-06-06 11:00,03F1992N,31,27.3,274
2021-06-06 11:00,03F1992N,32,33.1,79
2021-06-06 11:00,03F1992N,41,0.0,0
2021-06-06 11:00,03F1992N,42,36.4,3
2021-06-06 11:00,03F1992N,5,20.2,1
2021-06-06 11:00,03F2066N,31,26.3,66
2021-06-06 11:00,03F2066N,32,20.5,17
2021-06-06 11:00,03F2066N,41,0.0,0
2021-06-06 11:00,03F2066N,42,16.5,5
2021-06-06 11:00,03F2066N,5,55.2,6
2021-06-06 11:00,03F2066S,31,23.4,536
2021-06-06 11:00,03F2066S,32,26.2,117
2021-06-06 11:00,03F2066S,41,43.6,6
2021-06-06 11:00,03F2066S,42,17.8,13
2021-06-06 11:00,03F2066S,5,13.9,4
2021-06-06 11:00,03F2078N,31,35.2,139
2021-06-06 11:00,03F2078N,32,18.5,32
2021-06-06 11:00,03F2078N,41,0.0,0
2021-06-06 11:00,03F2078N,42,29.6,2
2021-06-06 11:00,03F2078N,5,0.0,0
2021-06-06 11:00,03F2079S,31,25.9,117
2021-06-06 11:00,03F2079S,32,19.4,33
2021-06-06 11:00,03F2079S,41,0.0,0
2021-06-06 11:00,03F2079S,42,16.2,3
2021-06-06 11:00,03F2079S,5,0.0,0
2021-06-06 11:00,03F2100N,31,24.9,331
2021-06-06 11:00,03F2100N,32,25.5,80
2021-06-06 11:00,03F2100N,41,9.2,2
2021-06-06 11:00,03F2100N,42,23.9,4
2021-06-06 11:00,03F2100N,5,9.2,2
2021-06-06 11:00,03F2100S,31,27.2,218
2021-06-06 11:00,03F2100S,32,22.6,66
2021-06-06 11:00,03F2100S,41,5.0,2
2021-06-06 11:00,03F2100S,42,51.3,1
2021-06-06 11:00,03F2100S,5,52.5,2
2021-06-06 11:00,03F2125N,31,19.6,349
2021-06-06 11:00,03F2125N,32,16.5,123
2021-06-06 11:00,03F2125N,41,8.4,4
2021-06-06 11:00,03F2125N,42,17.5,7
2021-06-06 11:00,03F2125N,5,60.7,3
2021-06-06 11:00,03F2129S,31,24.7,857
2021-06-06 11:00,03F2129S,32,23.6,261
2021-06-06 11:00,03F2129S,41,4.3,2
2021-06-06 11:00,03F2129S,42,51.8,5
2021-06-06 11:00,03F2129S,5,2.7,1
2021-06-06 11:00,03F2152S,31,30.1,99
2021-06-06 11:00,03F2152S,32,35.2,43
2021-06-06 11:00,03F2152S,41,0.0,0
2021-06-06 11:00,03F2152S,42,45.0,5
2021-06-06 11:00,03F2152S,5,93.6,2
2021-06-06 11:00,03F2153N,31,19.1,146
2021-06-06 11:00,03F2153N,32,11.8,60
2021-06-06 11:00,03F2153N,41,0.0,0
2021-06-06 11:00,03F2153N,42,3.2,1
2021-06-06 11:00,03F2153N,5,5.9,1
2021-06-06 11:00,03F2194N,31,13.0,264
2021-06-06 11:00,03F2194N,32,13.3,82
2021-06-06 11:00,03F2194N,41,0.0,0
2021-06-06 11:00,03F2194N,42,11.1,3
2021-06-06 11:00,03F2194N,5,0.0,0
2021-06-06 11:00,03F2194S,31,25.0,79
2021-06-06 11:00,03F2194S,32,18.4,14
2021-06-06 11:00,03F2194S,41,19.6,1
2021-06-06 11:00,03F2194S,42,5.3,1
2021-06-06 11:00,03F2194S,5,0.0,0
2021-06-06 11:00,03F2231N,31,20.6,203
2021-06-06 11:00,03F2231N,32,21.9,51
2021-06-06 11:00,03F2231N,41,0.0,0
2021-06-06 11:00,03F2231N,42,29.6,5
2021-06-06 11:00,03F2231N,5,0.0,0
2021-06-06 11:00,03F2235S,31,17.6,116
2021-06-06 11:00,03F2235S,32,11.2,49
2021-06-06 11:00,03F2235S,41,14.3,1
2021-06-06 11:00,03F2235S,42,17.8,2
2021-06-06 11:00,03F2235S,5,0.0,0
2021-06-06 11:00,03F2260N,31,21.9,218
2021-06-06 11:00,03F2260N,32,17.4,58
2021-06-06 11:00,03F2260N,41,0.0,0
2021-06-06 11:00,03F2260N,42,23.4,10
2021-06-06 11:00,03F2260N,5,0.0,0
2021-06-06 11:00,03F2261S,31,30.1,90
2021-06-06 11:00,03F2261S,32,20.3,30
2021-06-06 11:00,03F2261S,41,0.0,0
2021-06-06 11:00,03F2261S,42,0.0,0
2021-06-06 11:00,03F2261S,5,3.9,1
2021-06-06 11:00,03F2306N,31,21.0,58
2021-06-06 11:00,03F2306N,32,16.1,21
2021-06-06 11:00,03F2306N,41,0.0,0
2021-06-06 11:00,03F2306N,42,20.1,1
2021-06-06 11:00,03F2306N,5,0.0,0
2021-06-06 11:00,03F2306S,31,31.6,39
2021-06-06 11:00,03F2306S,32,61.9,14
2021-06-06 11:00,03F2306S,41,0.0,0
2021-06-06 11:00,03F2306S,42,23.9,2
2021-06-06 11:00,03F2306S,5,0.0,0
2021-06-06 11:00,03F2336N,31,31.5,177
2021-06-06 11:00,03F2336N,32,28.5,64
2021-06-06 11:00,03F2336N,41,20.4,6
2021-06-06 11:00,03F2336N,42,34.4,4
2021-06-06 11:00,03F2336N,5,0.0,0
2021-06-06 11:00,03F2336S,31,25.1,24
2021-06-06 11:00,03F2336S,32,28.4,7
2021-06-06 11:00,03F2336S,41,0.0,0
2021-06-06 11:00,03F2336S,42,0.0,0
2021-06-06 11:00,03F2336S,5,0.0,0
2021-06-06 11:00,03F2415N,31,39.3,158
2021-06-06 11:00,03F2415N,32,30.3,41
2021-06-06 11:00,03F2415N,41,0.0,0
2021-06-06 11:00,03F2415N,42,29.0,5
2021-06-06 11:00,03F2415N,5,0.0,0
2021-06-06 11:00,03F2415S,31,27.1,43
2021-06-06 11:00,03F2415S,32,75.0,8
2021-06-06 11:00,03F2415S,41,0.0,0
2021-06-06 11:00,03F2415S,42,53.3,1
2021-06-06 11:00,03F2415S,5,0.0,0
2021-06-06 11:00,03F2447N,31,47.8,44
2021-06-06 11:00,03F2447N,32,65.9,20
2021-06-06 11:00,03F2447N,41,0.0,0
2021-06-06 11:00,03F2447N,42,0.0,0
2021-06-06 11:00,03F2447N,5,0.0,0
2021-06-06 11:00,03F2447S,31,42.2,50
2021-06-06 11:00,03F2447S,32,48.4,11
2021-06-06 11:00,03F2447S,41,0.0,0
2021-06-06 11:00,03F2447S,42,0.0,0
2021-06-06 11:00,03F2447S,5,0.0,0
2021-06-06 11:00,03F2535N,31,47.7,93
2021-06-06 11:00,03F2535N,32,38.3,16
2021-06-06 11:00,03F2535N,41,0.0,0
2021-06-06 11:00,03F2535N,42,44.5,2
2021-06-06 11:00,03F2535N,5,68.7,1
2021-06-06 11:00,03F2535S,31,36.3,47
2021-06-06 11:00,03F2535S,32,16.6,7
2021-06-06 11:00,03F2535S,41,0.0,0
2021-06-06 11:00,03F2535S,42,58.9,3
2021-06-06 11:00,03F2535S,5,0.0,0
2021-06-06 11:00,03F2614N,31,38.5,126
2021-06-06 11:00,03F2614N,32,42.6,35
2021-06-06 11:00,03F2614N,41,0.0,0
2021-06-06 11:00,03F2614N,42,46.6,3
2021-06-06 11:00,03F2614N,5,7.9,1
2021-06-06 11:00,03F2614S,31,23.7,84
2021-06-06 11:00,03F2614S,32,16.9,28
2021-06-06 11:00,03F2614S,41,0.0,0
2021-06-06 11:00,03F2614S,42,55.6,4
2021-06-06 11:00,03F2614S,5,54.5,3
2021-06-06 11:00,03F2709N,31,0.0,0
2021-06-06 11:00,03F2709N,32,7.7,1
2021-06-06 11:00,03F2709N,41,0.0,0
2021-06-06 11:00,03F2709N,42,0.0,0
2021-06-06 11:00,03F2709N,5,0.0,0
2021-06-06 11:00,03F2709S,31,34.9,67
2021-06-06 11:00,03F2709S,32,54.9,13
2021-06-06 11:00,03F2709S,41,0.0,0
2021-06-06 11:00,03F2709S,42,20.9,3
2021-06-06 11:00,03F2709S,5,0.0,0
2021-06-06 11:00,03F2747N,31,48.3,1
2021-06-06 11:00,03F2747N,32,0.0,0
2021-06-06 11:00,03F2747N,41,0.0,0
2021-06-06 11:00,03F2747N,42,0.0,0
2021-06-06 11:00,03F2747N,5,0.0,0
2021-06-06 11:00,03F2747S,31,35.1,25
2021-06-06 11:00,03F2747S,32,38.3,4
2021-06-06 11:00,03F2747S,41,0.0,0
2021-06-06 11:00,03F2747S,42,86.1,2
2021-06-06 11:00,03F2747S,5,18.9,1
2021-06-06 11:00,03F2777N,31,48.6,36
2021-06-06 11:00,03F2777N,32,35.6,11
2021-06-06 11:00,03F2777N,41,0.0,0
2021-06-06 11:00,03F2777N,42,54.7,1
2021-06-06 11:00,03F2777N,5,0.0,0
2021-06-06 11:00,03F2777S,31,92.6,1
2021-06-06 11:00,03F2777S,32,0.0,0
2021-06-06 11:00,03F2777S,41,0.0,0
2021-06-06 11:00,03F2777S,42,0.0,0
2021-06-06 11:00,03F2777S,5,0.0,0
2021-06-06 11:00,03F2840N,31,34.6,127
2021-06-06 11:00,03F2840N,32,31.3,46
2021-06-06 11:00,03F2840N,41,0.0,0
2021-06-06 11:00,03F2840N,42,35.9,9
2021-06-06 11:00,03F2840N,5,0.0,0
2021-06-06 11:00,03F2840S,31,24.7,84
2021-06-06 11:00,03F2840S,32,30.9,21
2021-06-06 11:00,03F2840S,41,0.0,0
2021-06-06 11:00,03F2840S,42,46.1,4
2021-06-06 11:00,03F2840S,5,21.5,2
2021-06-06 11:00,03F2899N,31,0.0,0
2021-06-06 11:00,03F2899N,32,0.0,0
2021-06-06 11:00,03F2899N,41,0.0,0
2021-06-06 11:00,03F2899N,42,0.0,0
2021-06-06 11:00,03F2899N,5,0.0,0
2021-06-06 11:00,03F2899S,31,0.0,0
2021-06-06 11:00,03F2899S,32,0.0,0
2021-06-06 11:00,03F2899S,41,0.0,0
2021-06-06 11:00,03F2899S,42,0.0,0
2021-06-06 11:00,03F2899S,5,0.0,0
2021-06-06 11:00,03F2923N,31,40.3,125
2021-06-06 11:00,03F2923N,32,33.5,37
2021-06-06 11:00,03F2923N,41,0.0,0
2021-06-06 11:00,03F2923N,42,12.8,2
2021-06-06 11:00,03F2923N,5,47.4,1
2021-06-06 11:00,03F2923S,31,27.0,151
2021-06-06 11:00,03F2923S,32,27.5,43
2021-06-06 11:00,03F2923S,41,0.0,0
2021-06-06 11:00,03F2923S,42,10.4,1
2021-06-06 11:00,03F2923S,5,0.0,0
2021-06-06 11:00,03F2985N,31,27.1,165
2021-06-06 11:00,03F2985N,32,17.0,56
2021-06-06 11:00,03F2985N,41,0.0,0
2021-06-06 11:00,03F2985N,42,3.0,4
2021-06-06 11:00,03F2985N,5,0.0,0
2021-06-06 11:00,03F2985S,31,28.3,134
2021-06-06 11:00,03F2985S,32,22.8,37
2021-06-06 11:00,03F2985S,41,0.0,0
2021-06-06 11:00,03F2985S,42,42.7,1
2021-06-06 11:00,03F2985S,5,94.1,1
2021-06-06 11:00,03F3101N,31,36.6,37
2021-06-06 11:00,03F3101N,32,34.0,11
2021-06-06 11:00,03F3101N,41,0.0,0
2021-06-06 11:00,03F3101N,42,21.8,2
2021-06-06 11:00,03F3101N,5,0.0,0
2021-06-06 11:00,03F3101S,31,39.0,53
2021-06-06 11:00,03F3101S,32,55.1,14
2021-06-06 11:00,03F3101S,41,0.0,0
2021-06-06 11:00,03F3101S,42,0.0,0
2021-06-06 11:00,03F3101S,5,82.5,1
2021-06-06 11:00,03F3187N,31,8.2,1
2021-06-06 11:00,03F3187N,32,59.6,1
2021-06-06 11:00,03F3187N,41,0.0,0
2021-06-06 11:00,03F3187N,42,0.0,0
2021-06-06 11:00,03F3187N,5,0.0,0
2021-06-06 11:00,03F3187S,31,42.6,49
2021-06-06 11:00,03F3187S,32,38.8,12
2021-06-06 11:00,03F3187S,41,0.0,0
2021-06-06 11:00,03F3187S,42,31.6,2
2021-06-06 11:00,03F3187S,5,0.0,0
2021-06-06 11:00,03F3211N,31,28.0,21
2021-06-06 11:00,03F3211N,32,26.5,10
2021-06-06 11:00,03F3211N,41,0.0,0
2021-06-06 11:00,03F3211N,42,0.0,0
2021-06-06 11:00,03F3211N,5,0.0,0
2021-06-06 11:00,03F3211S,31,16.8,3
2021-06-06 11:00,03F3211S,32,37.1,1
2021-06-06 11:00,03F3211S,41,0.0,0
2021-06-06 11:00,03F3211S,42,0.0,0
2021-06-06 11:00,03F3211S,5,0.0,0
2021-06-06 11:00,03F3259N,31,69.0,20
2021-06-06 11:00,03F3259N,32,37.5,6
2021-06-06 11:00,03F3259N,41,0.0,0
2021-06-06 11:00,03F3259N,42,0.0,0
2021-06-06 11:00,03F3259N,5,0.0,0
2021-06-06 11:00,03F3259S,31,27.3,47
2021-06-06 11:00,03F3259S,32,27.3,17
2021-06-06 11:00,03F3259S,41,0.0,0
2021-06-06 11:00,03F3259S,42,32.5,9
2021-06-06 11:00,03F3259S,5,0.0,0
2021-06-06 11:00,03F3307N,31,41.8,68
2021-06-06 11:00,03F3307N,32,86.2,26
2021-06-06 11:00,03F3307N,41,0.0,0
2021-06-06 11:00,03F3307N,42,5.2,1
2021-06-06 11:00,03F3307N,5,19.8,2
2021-06-06 11:00,03F3307S,31,24.8,105
2021-06-06 11:00,03F3307S,32,18.2,34
2021-06-06 11:00,03F3307S,41,0.0,0
2021-06-06 11:00,03F3307S,42,0.0,0
2021-06-06 11:00,03F3307S,5,0.0,0
2021-06-06 11:00,03F3392N,31,32.9,76
2021-06-06 11:00,03F3392N,32,28.8,26
2021-06-06 11:00,03F3392N,41,0.0,0
2021-06-06 11:00,03F3392N,42,0.0,0
2021-06-06 11:00,03F3392N,5,38.1,2
2021-06-06 11:00,03F3392S,31,27.2,137
2021-06-06 11:00,03F3392S,32,24.9,48
2021-06-06 11:00,03F3392S,41,0.0,0
2021-06-06 11:00,03F3392S,42,17.1,2
2021-06-06 11:00,03F3392S,5,10.9,3
2021-06-06 11:00,03F3445N,31,32.9,125
2021-06-06 11:00,03F3445N,32,29.9,33
2021-06-06 11:00,03F3445N,41,0.0,0
2021-06-06 11:00,03F3445N,42,211.2,3
2021-06-06 11:00,03F3445N,5,110.1,1
2021-06-06 11:00,03F3445S,31,24.6,95
2021-06-06 11:00,03F3445S,32,26.7,24
2021-06-06 11:00,03F3445S,41,0.0,0
2021-06-06 11:00,03F3445S,42,40.8,8
2021-06-06 11:00,03F3445S,5,0.0,0
2021-06-06 11:00,03F3496N,31,35.7,183
2021-06-06 11:00,03F3496N,32,35.5,52
2021-06-06 11:00,03F3496N,41,16.8,1
2021-06-06 11:00,03F3496N,42,30.0,9
2021-06-06 11:00,03F3496N,5,142.8,4
2021-06-06 11:00,03F3496S,31,26.9,132
2021-06-06 11:00,03F3496S,32,23.7,35
2021-06-06 11:00,03F3496S,41,0.0,0
2021-06-06 11:00,03F3496S,42,16.3,13
2021-06-06 11:00,03F3496S,5,36.1,6
2021-06-06 11:00,03F3588N,31,22.6,1
2021-06-06 11:00,03F3588N,32,12.5,1
2021-06-06 11:00,03F3588N,41,0.0,0
2021-06-06 11:00,03F3588N,42,0.0,0
2021-06-06 11:00,03F3588N,5,0.0,0
2021-06-06 11:00,03F3588S,31,37.3,155
2021-06-06 11:00,03F3588S,32,34.3,42
2021-06-06 11:00,03F3588S,41,0.0,0
2021-06-06 11:00,03F3588S,42,29.9,5
2021-06-06 11:00,03F3588S,5,0.0,0
2021-06-06 11:00,03F3670N,31,25.5,42
2021-06-06 11:00,03F3670N,32,24.9,14
2021-06-06 11:00,03F3670N,41,0.0,0
2021-06-06 11:00,03F3670N,42,29.4,5
2021-06-06 11:00,03F3670N,5,0.0,0
2021-06-06 11:00,03F3670S,31,37.1,4
2021-06-06 11:00,03F3670S,32,34.6,1
2021-06-06 11:00,03F3670S,41,0.0,0
2021-06-06 11:00,03F3670S,42,0.0,0
2021-06-06 11:00,03F3670S,5,0.0,0
2021-06-06 11:00,03F3743N,31,75.0,143
2021-06-06 11:00,03F3743N,32,73.0,34
2021-06-06 11:00,03F3743N,41,0.0,0
2021-06-06 11:00,03F3743N,42,78.0,8
2021-06-06 11:00,03F3743N,5,48.1,1
2021-06-06 11:00,03F3743S,31,23.7,32
2021-06-06 11:00,03F3743S,32,22.6,15
2021-06-06 11:00,03F3743S,41,0.0,0
2021-06-06 11:00,03F3743S,42,22.1,4
2021-06-06 11:00,03F3743S,5,0.0,0
2021-06-06 11:00,03F3854N,31,45.5,150
2021-06-06 11:00,03F3854N,32,35.5,47
2021-06-06 11:00,03F3854N,41,0.0,0
2021-06-06 11:00,03F3854N,42,34.5,6
2021-06-06 11:00,03F3854N,5,34.4,4
2021-06-06 11:00,03F3854S,31,15.9,198
2021-06-06 11:00,03F3854S,32,19.1,38
2021-06-06 11:00,03F3854S,41,0.0,0
2021-06-06 11:00,03F3854S,42,8.6,7
2021-06-06 11:00,03F3854S,5,8.6,1
2021-06-06 11:00,03F3916N,31,45.9,72
2021-06-06 11:00,03F3916N,32,52.7,27
2021-06-06 11:00,03F3916N,41,0.0,0
2021-06-06 11:00,03F3916N,42,37.1,6
2021-06-06 11:00,03F3916N,5,49.4,1
2021-06-06 11:00,03F3916S,31,27.1,62
2021-06-06 11:00,03F3916S,32,23.2,18
2021-06-06 11:00,03F3916S,41,0.0,0
2021-06-06 11:00,03F3916S,42,20.8,2
2021-06-06 11:00,03F3916S,5,17.2,1
2021-06-06 11:00,03F3981S,31,0.0,0
2021-06-06 11:00,03F3981S,32,0.0,0
2021-06-06 11:00,03F3981S,41,0.0,0
2021-06-06 11:00,03F3981S,42,0.0,0
2021-06-06 11:00,03F3981S,5,0.0,0
2021-06-06 11:00,03F3984N,31,52.7,89
2021-06-06 11:00,03F3984N,32,79.3,24
2021-06-06 11:00,03F3984N,41,0.0,0
2021-06-06 11:00,03F3984N,42,59.1,8
2021-06-06 11:00,03F3984N,5,72.9,3
2021-06-06 11:00,03F4018S,31,15.0,69
2021-06-06 11:00,03F4018S,32,14.8,32
2021-06-06 11:00,03F4018S,41,0.0,0
2021-06-06 11:00,03F4018S,42,9.7,3
2021-06-06 11:00,03F4018S,5,7.1,4
2021-06-06 11:00,03F4021N,31,58.1,82
2021-06-06 11:00,03F4021N,32,31.3,28
2021-06-06 11:00,03F4021N,41,0.0,0
2021-06-06 11:00,03F4021N,42,21.4,3
2021-06-06 11:00,03F4021N,5,59.8,2
2021-06-06 11:00,03F4142N,31,32.0,163
2021-06-06 11:00,03F4142N,32,34.5,51
2021-06-06 11:00,03F4142N,41,0.0,0
2021-06-06 11:00,03F4142N,42,79.8,6
2021-06-06 11:00,03F4142N,5,15.0,2
2021-06-06 11:00,03F4142S,31,12.0,114
2021-06-06 11:00,03F4142S,32,14.2,48
2021-06-06 11:00,03F4142S,41,0.0,0
2021-06-06 11:00,03F4142S,42,11.0,3
2021-06-06 11:00,03F4142S,5,0.0,0
2021-06-06 11:00,03F4168N,31,23.7,75
2021-06-06 11:00,03F4168N,32,25.8,26
2021-06-06 11:00,03F4168N,41,6.0,1
2021-06-06 11:00,03F4168N,42,129.6,3
2021-06-06 11:00,03F4168N,5,98.7,2
2021-06-06 11:00,03F4168S,31,10.2,264
2021-06-06 11:00,03F4168S,32,9.7,101
2021-06-06 11:00,03F4168S,41,15.3,3
2021-06-06 11:00,03F4168S,42,10.5,5
2021-06-06 11:00,03F4168S,5,10.5,5
2021-06-06 11:00,03F4232N,31,55.5,227
2021-06-06 11:00,03F4232N,32,30.0,82
2021-06-06 11:00,03F4232N,41,0.0,0
2021-06-06 11:00,03F4232N,42,28.0,16
2021-06-06 11:00,03F4232N,5,14.7,6
2021-06-06 11:00,03F4232S,31,0.0,0
2021-06-06 11:00,03F4232S,32,0.0,0
2021-06-06 11:00,03F4232S,41,0.0,0
2021-06-06 11:00,03F4232S,42,0.0,0
2021-06-06 11:00,03F4232S,5,0.0,0
2021-06-06 11:00,03F4259N,31,50.0,83
2021-06-06 11:00,03F4259N,32,28.6,36
2021-06-06 11:00,03F4259N,41,15.3,3
2021-06-06 11:00,03F4259N,42,15.3,2
2021-06-06 11:00,03F4259N,5,15.3,1
2021-06-06 11:00,03F4263S,31,6.0,7
2021-06-06 11:00,03F4263S,32,6.0,5
2021-06-06 11:00,03F4263S,41,0.0,0
2021-06-06 11:00,03F4263S,42,6.0,1
2021-06-06 11:00,03F4263S,5,0.0,0
2021-06-06 11:00,05F0000S,31,0.0,0
2021-06-06 11:00,05F0000S,32,4.0,1
2021-06-06 11:00,05F0000S,41,0.0,0
2021-06-06 11:00,05F0000S,42,0.0,0
2021-06-06 11:00,05F0000S,5,0.0,0
2021-06-06 11:00,05F0001N,31,21.6,106
2021-06-06 11:00,05F0001N,32,13.3,30
2021-06-06 11:00,05F0001N,41,0.0,0
2021-06-06 11:00,05F0001N,42,0.0,0
2021-06-06 11:00,05F0001N,5,0.0,0
2021-06-06 11:00,05F0055N,31,22.9,97
2021-06-06 11:00,05F0055N,32,24.3,18
2021-06-06 11:00,05F0055N,41,10.7,1
2021-06-06 11:00,05F0055N,42,0.0,0
2021-06-06 11:00,05F0055N,5,0.0,0
2021-06-06 11:00,05F0055S,31,27.7,127
2021-06-06 11:00,05F0055S,32,29.8,49
2021-06-06 11:00,05F0055S,41,10.7,1
2021-06-06 11:00,05F0055S,42,0.0,0
2021-06-06 11:00,05F0055S,5,0.0,0
2021-06-06 11:00,05F0287N,31,45.1,299
2021-06-06 11:00,05F0287N,32,44.2,64
2021-06-06 11:00,05F0287N,41,39.9,1
2021-06-06 11:00,05F0287N,42,0.0,0
2021-06-06 11:00,05F0287N,5,0.0,0
2021-06-06 11:00,05F0287S,31,27.2,7
2021-06-06 11:00,05F0287S,32,21.8,4
2021-06-06 11:00,05F0287S,41,0.0,0
2021-06-06 11:00,05F0287S,42,39.6,1
2021-06-06 11:00,05F0287S,5,0.0,0
2021-06-06 11:00,05F0309N,31,56.4,250
2021-06-06 11:00,05F0309N,32,54.6,62
2021-06-06 11:00,05F0309N,41,45.0,3
2021-06-06 11:00,05F0309N,42,0.0,0
2021-06-06 11:00,05F0309N,5,0.0,0
2021-06-06 11:00,05F0309S,31,15.1,68
2021-06-06 11:00,05F0309S,32,13.9,24
2021-06-06 11:00,05F0309S,41,0.0,0
2021-06-06 11:00,05F0309S,42,22.9,7
2021-06-06 11:00,05F0309S,5,21.1,16
2021-06-06 11:00,05F0438N,31,49.4,280
2021-06-06 11:00,05F0438N,32,51.9,74
2021-06-06 11:00,05F0438N,41,54.3,3
2021-06-06 11:00,05F0438N,42,20.3,6
2021-06-06 11:00,05F0438N,5,11.2,2
2021-06-06 11:00,05F0439S,31,0.0,0
2021-06-06 11:00,05F0439S,32,0.0,0
2021-06-06 11:00,05F0439S,41,0.0,0
2021-06-06 11:00,05F0439S,42,0.0,0
2021-06-06 11:00,05F0439S,5,0.0,0
2021-06-06 11:00,05F0494S,31,7.6,77
2021-06-06 11:00,05F0494S,32,7.6,17
2021-06-06 11:00,05F0494S,41,0.0,0
2021-06-06 11:00,05F0494S,42,0.0,0
2021-06-06 11:00,05F0494S,5,7.6,1
2021-06-06 11:00,05F0528N,31,42.0,252
2021-06-06 11:00,05F0528N,32,40.6,96
2021-06-06 11:00,05F0528N,41,64.8,1
2021-06-06 11:00,05F0528N,42,20.5,3
2021-06-06 11:00,05F0528N,5,24.0,1
2021-06-06 11:00,05FR113S,31,9.8,157
2021-06-06 11:00,05FR113S,32,10.1,39
2021-06-06 11:00,05FR113S,41,6.0,2
2021-06-06 11:00,05FR113S,42,13.6,5
2021-06-06 11:00,05FR113S,5,0.0,0
2021-06-06 11:00,05FR143N,31,0.0,0
2021-06-06 11:00,05FR143N,32,0.0,0
2021-06-06 11:00,05FR143N,41,0.0,0
2021-06-06 11:00,05FR143N,42,0.0,0
2021-06-06 11:00,05FR143N,5,0.0,0
